Nstep_per_strain=1000
shear_it=1000
Nsave=10000
Nsavestress=100000.000000
Ndump=1000000.000000
