N_CL=500
N_MO=500
Vol_MO=2248.94500
Vol_CL=2402.69000
Vol_Totg=4651.63500
L=10.515914
seed1=1734
seed2=4821
seed3=510
